Pt1 -1.1449, -7.8200, 34.7889
Pt2 1.2578, -0.8493, 38.2933 
Pt3 1.7407, 9.3455, 32.3639
Pt4 -20.1353, -26.1680, 23.3314 
Pt5 -35.2592, -24.9293, 26.4445
Pt6 -39.5693, -12.5858, 16.0256
Pt7 10.8610, -41.0669, -8.9951
Pt8 13.0980, -44.4986, 1.1859
Pt9 13.9134, -33.8903, 10.7985
Pt10 26.5861, -16.2102, -33.5033
Pt11 21.4109, -30.5530, -36.6935
Pt12 12.3336, -34.7887, -26.4168 
Pt13 2.4738, 30.8037, -21.8205
Pt14 -0.1687, 26.1013, -30.6639
Pt15 5.2808, 16.1715, -28.4541
Pt16 -34.3539, 15.4276, -10.4359
Pt17 -26.7678, 27.6310, -4.7809 
Pt18 -12.6899, 28.2961, -4.8367
Pt19 -28.1653, 2.0604, 23.6598
Pt20 -19.3043, 10.5785, 30.0374
Pt21 -5.8444, 12.6655, 25.5944
Pt22 46.7430, -18.8672, 0.0542
Pt23 41.3386, -20.9720, 11.1926
Pt24 24.9375, -19.2947, 18.1995 