Pt1 -31.9817, 1.0267, -1.2758
Pt2 -35.8069, -1.6931, -11.2499
Pt3 -28.2931, -9.2017, -15.2463
Pt4 -13.9499, -31.3876, 2.8091
Pt5 -15.1086, -36.5060, -2.6177 
Pt6 -5.6903, -30.2989, -10.7640
Pt7 33.6145, -11.3327, -6.8437
Pt8 30.4264, -17.5195, -16.4221
Pt9 15.0676, -16.1159, -21.2011
Pt10 19.4745, 7.2684, 20.3323
Pt11 14.9801, 13.9256, 23.1548
Pt12 -1.3793, 12.7689, 17.7540 
Pt13 34.2044, 6.4510, -5.1771
Pt14 35.7074, 14.0207, -8.7938
Pt15 19.7686, 12.0740, -16.7654
Pt16 0.6263, 17.1430, -21.9529
Pt17 -0.9006, 23.6381, -14.6765
Pt18 -3.9553, 22.8815, -1.8883
Pt19 25.3674, -18.7133, -18.2322 
Pt20 33.9778, -15.1679, -9.3314
Pt21 24.9276, -1.6837, 11.2367
Pt22 5.5850, -30.5614, 26.1762
Pt23 3.6115, -25.4565, 36.0904
Pt24 3.7172, -8.4963, 35.3544