Pt1 -59.7010, 2.1349, -40.4346
Pt2 -58.8112, 2.8592, -53.6505 
Pt3 -48.0753, -9.9038, -59.8872 
Pt4 -83.8147, -12.5697, 0.8383
Pt5 -88.3400, -19.4214, -3.6519
Pt6 -82.4122, -33.8624, -13.3798
Pt7 -24.0180, -41.9352, -53.0733
Pt8 -24.2817, -36.3997, -62.2600
Pt9 -28.6400, -26.8964, -64.4408
Pt10 -57.8146, -46.4047, -35.1102
Pt11 -67.8350, -43.1355, -41.8932 
Pt12  -73.1554, -26.9718, -43.4811
Pt13 33.2022, 31.6137, -45.0060
Pt14 38.3957, 40.5658, -35.4680
Pt15 25.7148, 42.4043, -22.6768
Pt16 57.1649, 24.6219, -37.9186
Pt17 64.8382, 27.2599, -24.3230
Pt18 51.4241, 26.9439, -7.8338 
Pt19 37.7676, 23.4019, 18.0440
Pt20 25.6336, 34.2938, 20.2385
Pt21 8.1307, 31.4097, 13.7300
Pt22 5.5904, 2.4129, 45.2723
Pt23 -1.3740, 17.4403, 43.4964 
Pt24 -10.9837, 18.1914, 31.3232