Pt1 -9.3782, 18.3755, 2.7298 
Pt2 -5.8969, 25.5966, 0.3116
Pt3 1.3237, 22.7896, -2.3444
Pt4 20.7383, 13.5523, 7.0750
Pt5 24.1550, 13.1348, 3.9951 
Pt6 22.4335, 10.4145, -6.2073
Pt7 15.4732, -24.0187, 14.7189 
Pt8 13.7439, -27.0178, 8.6166 
Pt9 11.6880, -24.8486, 1.4650
Pt10 -19.2410, -21.3517, 0.4942
Pt11 -11.0099, -24.7592, -0.9655
Pt12 0.1472, -23.9788, -3.0381 
Pt13 5.7234, -18.7916, -13.5198
Pt14 7.4178, -17.0177, -19.5781
Pt15 11.8326, -10.9426, -21.3873
Pt16 -22.9238, -11.5442, -8.3706
Pt17 -21.3785, -7.0738, -14.4724
Pt18 -15.0856, -2.4952, -18.9046
Pt19 6.0484, 13.5345, 21.1617
Pt20 -2.7947, 12.8076, 20.8669
Pt21 -5.9342, 6.4603, 15.2266
Pt22 16.0537, -20.3663, -5.9296
Pt23 26.9921, -19.2131, -6.5694
Pt24 26.7217, -12.4559, -0.9227