Pt1 -22.5397, -11.9038, 15.9868
Pt2 -30.0599, -7.8186, 17.4176
Pt3 -27.3487, 0.0249, 12.6170
Pt4 -23.3135, 7.8346, -17.5803
Pt5 -19.0232, 11.5356, -23.2601
Pt6 -7.6959, 15.4604, -26.7113
Pt7 -28.7042, -6.2169, -11.4612
Pt8 -32.0015, -16.2890, -4.5859
Pt9 -15.3336, -16.6857, 10.1742
Pt10 -15.6068, 8.0549, 22.3052
Pt11 -14.9303, -4.9516, 27.8106
Pt12 -11.1173, -14.9419, 17.0385
Pt13 -0.4306, 21.3421, 16.0294
Pt14 1.4584, 3.4635, 32.0236
Pt15 4.1709, -9.5632, 20.7883
Pt16 20.9330, 16.8438, 4.8263 
Pt17 13.9535, 23.8613, 11.3138
Pt18 -1.2030, 23.6810, 13.4925
Pt19 26.1923, -1.1160, 6.2920 
Pt20 30.7235, -0.7533, -4.2457 
Pt21 24.3698, 5.6943, -15.9287
Pt22 -23.9784, 16.4395, -13.9100
Pt23 -24.3017, 21.0609, -10.8264
Pt24 -15.6120, 23.6500, -4.9896