Pt1 -7.6134, 25.5747, 7.7357
Pt2 -4.0764, 32.9318, -1.0169
Pt3 3.8497, 17.1666, -18.7208
Pt4 -28.4091, 12.8059, -26.9750
Pt5 -20.1561, 16.5646, -28.8335
Pt6 -5.1616, 15.8877, -24.8247
Pt7 13.1735, 28.6565, 7.9912
Pt8 11.1326, 30.3721, -0.6168 
Pt9 8.9052, 16.4313, -18.0601
Pt10 34.6663, 19.5451, 1.9028
Pt11 40.0752, 21.4548, -6.2581
Pt12 40.1244, 14.5491, -15.8457
Pt13 26.9354, -12.6764, -29.4762
Pt14 22.6176, -5.9306, -37.2543
Pt15 13.2908, -4.0496, -35.2815
Pt16 18.8508, -7.5634, 21.4253 
Pt17 20.6039, -17.6369, 19.8684
Pt18 16.6978, -26.2945, 8.2911
Pt19 -5.5502, 8.8554, 22.0347 
Pt20 -1.7373, 1.2826, 28.5424
Pt21 3.8054, -9.8638, 27.2569
Pt22 -6.9186, 28.1959, 5.2436
Pt23 -6.1191, 33.0450, -1.3390
Pt24 5.2668, 11.3009, -26.5299