Pt1 -23.8188, 23.6675, 27.6047
Pt2 -30.6375, 32.9423, 18.2271
Pt3 -28.8248, 27.6454, -8.1601
Pt4 -59.4778, -24.5965, -11.9961
Pt5 -63.8371, -32.0264, -27.2161
Pt6 -39.7589, -31.3317, -42.5123
Pt7 36.1851, -62.5194, -31.3270
Pt8 51.8633, -62.1369, -33.4788
Pt9 57.6071, -41.6697, -27.2615
Pt10 3.6669, -56.0768, -49.2889
Pt11 -6.8236, -52.7084, -59.2785
Pt12 -10.8130, -39.0300, -66.9461
Pt13 -41.3042, -28.9075, -42.8316
Pt14 -52.5810, -14.7710, -44.4643
Pt15 -51.5006, -0.7221, -35.8846 
Pt16 66.1464, -21.8261, -1.5564
Pt17 70.0251, -25.8292, -11.2360
Pt18 60.5507, -28.1496, -23.7101 
Pt19 51.8404, -24.3159, -47.7036
Pt20 47.2984, -23.4836, -59.8089
Pt21 28.6217, -21.6618, -64.2609
Pt22 10.6928, -19.3040, -71.6918
Pt23 0.5702, -18.5706, -76.7403
Pt24 -18.3400, -12.0239, -71.8855