Pt1 -2.4997, -6.1031, -13.8681
Pt2 1.9601, -12.4161, -14.3169
Pt3 8.3244, -15.9615, -9.1269
Pt4 11.6118, -18.2776, -6.2892
Pt5 16.7653, -22.5856, -0.0004 
Pt6 18.6472, -19.2847, 4.3889
Pt7 26.3913, -6.6599, -15.7642
Pt8 30.5217, -3.3559, -17.1748
Pt9 33.1490, 1.7837, -15.4617
Pt10 -16.9506, 6.8873, -11.8131
Pt11 -20.8780, 10.6802, -11.3814
Pt12 -16.1418, 17.9737, -4.1469
Pt13 -17.4459, -13.0651, 1.6244
Pt14 -17.4790, -11.0111, -3.4805
Pt15 -14.4830, -6.2430, -7.2433
Pt16 9.1120, -8.4678, 25.2521
Pt17 11.4514, -14.4510, 22.4903
Pt18 7.8181, -17.1289, 17.8123
Pt19 -11.5305, 22.1958, 14.3632
Pt20 -8.2146, 23.2482, 19.9352
Pt21 -4.0619, 19.7955, 24.0536
Pt22 35.5055, -0.3720, -7.8630
Pt23 35.8932, 5.0411, -3.6373
Pt24 31.6271, 8.5795, 2.0342