Pt1 -55.4799, -11.5654, 30.6554
Pt2 -59.4924, -10.9535, 31.2996
Pt3 -62.9416, -8.2972, 27.6726
Pt4  -65.3850, -12.1073, 22.0711
Pt5 -66.6213, -9.8581, 24.3230
Pt6 -66.0284, -6.0831, 25.2459
Pt7 -67.5565, -2.8525, 15.3227
Pt8 -71.3415, -4.9776, 21.1439
Pt9 -66.7004, -5.3624, 25.3504
Pt10 -65.6139, -1.8732, 13.6538
Pt11 -63.2382, -1.9522, 10.0173
Pt12 -58.5983, -2.4333, 9.4714
Pt13 -44.0269, -11.5429, 27.7996
Pt14  -42.3029, -14.5789, 24.5599 
Pt15 -41.3869, -10.3397, 19.7329
Pt16 -62.9146, -7.9859, 27.8957
Pt17 -60.4735, -11.4854, 30.2757
Pt18 -55.4897, -12.8198, 29.8042
Pt19 -42.2459, -10.9812, 19.8821
Pt20  -38.9241, -6.3928, 20.2328
Pt21 -40.6891, -1.4476, 21.1055 
Pt22 -50.1296, -10.8852, 9.1880 
Pt23 -48.7702, -7.7578, 8.6747 
Pt24  -47.5262, -2.1716, 12.6108