Pt1 -22.8572, -23.9240, -16.2965
Pt2  -23.8779, -18.5428, -23.2718
Pt3 -20.3637, -10.3876, -29.5757
Pt4 -13.3152, -16.7192, 18.6881
Pt5 -16.2482, -8.1098, 19.2453 
Pt6 -18.6833, -1.3112, 13.8059
Pt7 44.9644, -13.0514, -11.9496 
Pt8 45.5004, -10.2965, -1.2309
Pt9 32.7794, -6.2235, 6.6551
Pt10 6.3963, -14.9476, -41.5406
Pt11 -5.3008, -13.5932, -45.5461
Pt12 -10.9516, -6.6443, -41.0799  
Pt13 7.4479, -42.3279, -25.9517
Pt14  5.5644, -38.2048, -33.0147
Pt15  3.3009, -28.8666, -37.0007
Pt16  -25.5368, -1.6659, -9.8802
Pt17 -26.1574, -3.8002, -22.5718 
Pt18 -20.3816, -2.9419, -29.7697 
Pt19 -24.5267, -6.5372, -4.6890
Pt20 -26.7786, -2.6967, 5.1328
Pt21 -19.3859, 2.3076, 10.6185
Pt22 -12.7172, -13.5692, 19.5413
Pt23 -15.4511, -6.7360, 19.3743
Pt24 -16.2427, 0.5243, 15.6220