Pt1 -2.0955, -32.5609, -21.7600
Pt2 -2.8679, -29.6687, -28.6167
Pt3 -3.5669, -18.2256, -30.6982
Pt4 20.3429, -35.9877, -10.4049
Pt5 28.0534, -33.3257, -6.9636
Pt6 31.3338, -22.8776, -3.3052
Pt7 5.3882, -34.6734, 9.0460
Pt8 6.1747, -42.5456, 3.9110 
Pt9 8.9012, -39.2855, -4.6324
Pt10 -15.1860, 1.1033, 17.5170
Pt11 -20.9485, 11.4890, 18.1375
Pt12 -19.5192, 15.5773, 6.3175
Pt13 -18.8197, -1.0212, 15.8441
Pt14 -23.9205, 0.1240, 13.5139
Pt15 -26.1684, -0.0254, 1.8730
Pt16 27.3757, -10.4394, 21.7461
Pt17 32.4259, -7.1308, 19.3882
Pt18 35.9676, -2.5778, 12.4952
Pt19 -25.5266, 2.5293, 3.1530
Pt20 -23.8172, 0.6214, 13.6804
Pt21 -9.8072, -6.8039, 18.8157 
Pt22 4.1354, 19.6573, -19.0275
Pt23 11.9738, 23.4263, -15.0840 
Pt24 19.8744, 24.1627, -3.5650