Pt1 15.0303, -1.0954, 23.8589 
Pt2 13.6568, 6.9176, 27.6354
Pt3 10.0068, 15.6510, 15.6960
Pt4 -18.5409, 7.5071, 14.3418
Pt5 -13.1986, 14.2184, 17.4671 
Pt6 0.9040, 16.3631, 14.6164
Pt7 12.7072, 14.8659, -21.1536
Pt8 11.8512, 23.9882, -17.2423
Pt9 11.5017, 24.5658, -5.9673
Pt10 34.4905, 1.4650, -8.2334
Pt11 39.0637, -3.4633, -2.3786 
Pt12 34.6451, -8.7712, 4.9723 
Pt13 14.1980, 4.6300, -22.7942
Pt14 8.8667, -9.3300, -25.0319
Pt15 10.7539, -14.8576, -12.6034
Pt16 -10.4392, -6.8883, -13.8965
Pt17 -7.6813, -13.8009, -11.8780
Pt18 -0.1914, -16.4403, -6.6745
Pt19 -0.5692, -20.0635, 1.1835
Pt20 -4.0370, -22.1323, 6.8377
Pt21 -3.3056, -17.4670, 13.1390
Pt22 23.7199, -8.1113, 14.9428 
Pt23 30.8517, -8.1067, 13.4898 
Pt24 35.0708, -3.5082, 6.0999 