Pt1 8.9465, -22.2988, -15.5531
Pt2 13.8846, -17.5318, -23.8518
Pt3 19.3952, -5.9614, -25.4316
Pt4 4.1896, -21.7598, -17.2630
Pt5 1.1440, -17.0312, -24.2361
Pt6 -1.7968, -7.1201, -28.7509
Pt7 2.1488, 22.9211, -18.2324 
Pt8 9.9587, 19.3496, -25.9060 
Pt9 19.0447, 8.8136, -24.9020
Pt10 -0.3429, 27.0679, -10.6159
Pt11 9.0907, 30.0668, -7.1101
Pt12 20.2960, 23.5189, -2.5599
Pt13 13.5052, 13.2211, 20.5886
Pt14 22.7737, 14.9812, 11.6554 
Pt15 28.1344, 11.7907, -0.9447
Pt16 5.3121, 16.4789, 20.1593 
Pt17 -5.4069, 11.3879, 27.4610
Pt18 -16.7861, 3.4699, 26.5688 
Pt19 -20.5713, 15.4925, 12.7901
Pt20 -28.2489, 6.5321, 11.5056
Pt21 -25.3248, -7.3857, 0.5120
Pt22 -9.7150, 21.6632, -15.6517 
Pt23 -21.0437, 20.4250, -19.0069 
Pt24 -30.8904, 7.7242, -12.3890